out
VL.raw
 1956     .3030
 1957     .4680
 1958     .3850
 1959     .3240
 1960     .2730
 1961     .3280
 1962     .3720
 1963     .4020
 1964     .5970
 1965     .4810
 1966     .3900
 1967     .3820
 1968     .4290
 1969     .4890
 1970     .5760
 1971     .5380
 1972     .4280
 1973     .3920
 1974     .4440
 1975     .4640
 1976     .7780
 1977     .9150
 1978     .9830
 1979    1.4530
 1980    1.4810
 1981    1.8770
 1982    1.4070
 1983    2.1970
 1984    2.4860
 1985    1.8280
 1986    1.8820
 1987    1.8170
 1988    2.1610
 1989    1.9270
 1990    2.0400
 1991    2.0330
 1992    2.0890
 1993    1.5000
 1994    2.1590
 1995    1.4010
 1996    1.6820
 1997    1.7170
 1998    1.6850
 1999    1.5020
 2000    1.5660
 2001    1.8820
 2002    1.5730
 2003    2.0250
 2004    1.3440
 2005    1.6120
 2006    1.2970
 2007    1.7410
 2008    1.6170
 2009    1.4250
VL.raw
 1956     .8820
 1957    1.1590
 1958    1.0180
 1959     .9450
 1960     .8710
 1961     .8840
 1962     .9390
 1963     .9900
 1964    1.2670
 1965    1.1140
 1966     .8530
 1967     .8050
 1968     .8930
 1969    1.0300
 1970    1.3420
 1971    1.0580
 1972     .8480
 1973     .8090
 1974     .9340
 1975     .9440
 1976    1.1090
 1977    1.1080
 1978     .9010
 1979    1.0680
 1980     .8620
 1981    1.0770
 1982     .7540
 1983    1.0870
 1984    1.2490
 1985     .9240
 1986     .9450
 1987     .8960
 1988    1.0710
 1989     .9480
 1990    1.0140
 1991    1.0240
 1992    1.0880
 1993     .8370
 1994    1.1930
 1995     .8280
 1996    1.0010
 1997    1.0530
 1998    1.0160
 1999     .9080
 2000     .9470
 2001    1.1220
 2002     .9440
 2003    1.2100
 2004     .8260
 2005    1.0100
 2006     .8640
 2007    1.0830
 2008    1.0540
 2009     .9330
VL.raw
 1956     .8960
 1957    1.1680
 1958    1.0090
 1959     .9760
 1960     .8640
 1961     .9140
 1962     .9250
 1963     .9980
 1964    1.3020
 1965    1.0940
 1966     .8140
 1967     .7820
 1968     .8920
 1969    1.0230
 1970    1.2970
 1971    1.0400
 1972     .8480
 1973     .8230
 1974     .9810
 1975     .9570
 1976    1.1000
 1977    1.1030
 1978     .9090
 1979    1.0440
 1980     .8860
 1981    1.0690
 1982     .7980
 1983    1.0470
 1984    1.2810
 1985     .9790
 1986     .9100
 1987     .8880
 1988    1.0570
 1989     .9780
 1990    1.0060
 1991    1.0330
 1992    1.0930
 1993     .8710
 1994    1.1370
 1995     .8900
 1996     .9550
 1997    1.0760
 1998    1.0280
 1999     .9100
 2000     .9340
 2001    1.1260
 2002     .9660
 2003    1.1950
 2004     .8980
 2005     .9660
 2006     .8920
 2007    1.0480
 2008    1.0970
 2009     .9520
VL.raw
 1956     .8830
 1957    1.2080
 1958     .9340
 1959     .9970
 1960     .8640
 1961     .9600
 1962     .9370
 1963    1.0180
 1964    1.2940
 1965     .9880
 1966     .8160
 1967     .8450
 1968     .9450
 1969    1.0410
 1970    1.2810
 1971     .9390
 1972     .8680
 1973     .8680
 1974    1.0260
 1975     .9470
 1976    1.1170
 1977    1.0600
 1978     .8870
 1979    1.0820
 1980     .8550
 1981    1.1180
 1982     .7550
 1983    1.1310
 1984    1.2330
 1985     .8960
 1986     .9450
 1987     .9050
 1988    1.0880
 1989     .9460
 1990    1.0230
 1991    1.0230
 1992    1.0840
 1993     .8400
 1994    1.1920
 1995     .8210
 1996    1.0160
 1997    1.0680
 1998    1.0020
 1999     .9070
 2000     .9640
 2001    1.1370
 2002     .9160
 2003    1.2230
 2004     .8180
 2005    1.0280
 2006     .8800
 2007    1.0880
 2008    1.0640
 2009     .9270
