VL.raw
 1956     .8330
 1957     .9810
 1958     .8450
 1959     .8360
 1960     .8420
 1961     .8570
 1962     .8680
 1963     .9350
 1964    1.0920
 1965     .9050
 1966     .8310
 1967     .8510
 1968     .9230
 1969     .9450
 1970    1.1070
 1971     .9550
 1972     .8310
 1973     .8640
 1974    1.0330
 1975    1.0020
 1976    1.0200
 1977    1.0070
 1978     .8200
 1979    1.0510
 1980     .9450
 1981    1.1980
 1982     .8560
 1983    1.2540
 1984    1.5040
 1985     .8770
 1986     .8700
 1987     .9230
 1988    1.1780
 1989    1.0070
 1990    1.0270
 1991    1.0530
 1992    1.0860
 1993     .8040
 1994    1.1860
 1995     .8220
 1996     .9400
 1997    1.0730
 1998     .9740
 1999     .8420
 2000     .9690
 2001    1.1770
 2002     .9360
 2003    1.1610
 2004     .7500
 2005     .9290
 2006     .8640
 2007    1.0080
 2008    1.0170
 2009     .8090
