 1956     .3030
 1957     .4680
 1958     .3850
 1959     .3240
 1960     .2730
 1961     .3280
 1962     .3720
 1963     .4020
 1964     .5970
 1965     .4810
 1966     .3900
 1967     .3820
 1968     .4290
 1969     .4890
 1970     .5760
 1971     .5380
 1972     .4280
 1973     .3920
 1974     .4440
 1975     .4640
 1976     .7780
 1977     .9150
 1978     .9830
 1979    1.4530
 1980    1.4810
 1981    1.8770
 1982    1.4070
 1983    2.1970
 1984    2.4860
 1985    1.8280
 1986    1.8820
 1987    1.8170
 1988    2.1610
 1989    1.9270
 1990    2.0400
 1991    2.0330
 1992    2.0890
 1993    1.5000
 1994    2.1590
 1995    1.4010
 1996    1.6820
 1997    1.7170
 1998    1.6850
 1999    1.5020
 2000    1.5660
 2001    1.8820
 2002    1.5730
 2003    2.0250
 2004    1.3440
 2005    1.6120
 2006    1.2970
 2007    1.7410
 2008    1.6170
 2009    1.4250