VL.raw
 1956     .7980
 1957     .9220
 1958     .7630
 1959     .7610
 1960     .7010
 1961     .6990
 1962     .6850
 1963     .7470
 1964     .9160
 1965     .8000
 1966     .7640
 1967     .7270
 1968     .7740
 1969     .7930
 1970     .9790
 1971     .8860
 1972     .8140
 1973     .7880
 1974     .9200
 1975     .9150
 1976     .9860
 1977     .9910
 1978     .8340
 1979    1.0230
 1980     .9050
 1981    1.2030
 1982     .8940
 1983    1.3310
 1984    1.5730
 1985    1.1910
 1986    1.1790
 1987    1.0720
 1988    1.2920
 1989    1.1380
 1990    1.2060
 1991    1.1880
 1992    1.2440
 1993     .9690
 1994    1.2990
 1995     .9130
 1996    1.0600
 1997    1.0760
 1998    1.0420
 1999     .9060
 2000     .9820
 2001    1.1560
 2002     .9930
 2003    1.2450
 2004     .8360
 2005    1.0060
 2006     .8210
 2007     .9830
 2008     .9610
 2009     .8130
