VL.raw
 1956     .3030
 1957     .4680
 1958     .3850
 1959     .3240
 1960     .2730
 1961     .3280
 1962     .3720
 1963     .4020
 1964     .5970
 1965     .4810
 1966     .3900
 1967     .3820
 1968     .4290
 1969     .4890
 1970     .5760
 1971     .5380
 1972     .4280
 1973     .3920
 1974     .4440
 1975     .4640
 1976     .7780
 1977     .9150
 1978     .9830
 1979    1.4530
 1980    1.4810
 1981    1.8770
 1982    1.4070
 1983    2.1970
 1984    2.4860
 1985    1.8280
 1986    1.8820
 1987    1.8170
 1988    2.1610
 1989    1.9270
 1990    2.0400
 1991    2.0330
 1992    2.0890
 1993    1.5000
 1994    2.1590
 1995    1.4010
 1996    1.6820
 1997    1.7170
 1998    1.6850
 1999    1.5020
 2000    1.5660
 2001    1.8820
 2002    1.5730
 2003    2.0250
 2004    1.3440
 2005    1.6120
 2006    1.2970
 2007    1.7410
 2008    1.6170
 2009    1.4250
VL.raw
 1956     .3270
 1957     .7000
 1958     .4850
 1959     .4210
 1960     .3760
 1961     .3740
 1962     .4260
 1963     .4580
 1964     .6560
 1965     .5940
 1966     .4850
 1967     .4520
 1968     .5210
 1969     .5960
 1970     .7020
 1971     .7780
 1972     .5490
 1973     .4350
 1974     .6640
 1975     .6610
 1976     .8510
 1977     .8620
 1978     .7540
 1979     .9160
 1980     .8460
 1981    1.1200
 1982     .8540
 1983    1.2860
 1984    1.5650
 1985    1.2220
 1986    1.1660
 1987    1.0990
 1988    1.3140
 1989    1.1520
 1990    1.2370
 1991    1.2140
 1992    1.2550
 1993     .9150
 1994    1.2990
 1995     .8430
 1996    1.0400
 1997    1.0370
 1998     .9710
 1999     .8270
 2000     .9640
 2001    1.1260
 2002     .9670
 2003    1.1700
 2004     .8440
 2005     .9490
 2006     .7650
 2007     .9570
 2008     .9270
 2009     .7430
