VL.raw
 1956     .3270
 1957     .7000
 1958     .4850
 1959     .4210
 1960     .3760
 1961     .3740
 1962     .4260
 1963     .4580
 1964     .6560
 1965     .5940
 1966     .4850
 1967     .4520
 1968     .5210
 1969     .5960
 1970     .7020
 1971     .7780
 1972     .5490
 1973     .4350
 1974     .6640
 1975     .6610
 1976     .8510
 1977     .8620
 1978     .7540
 1979     .9160
 1980     .8460
 1981    1.1200
 1982     .8540
 1983    1.2860
 1984    1.5650
 1985    1.2220
 1986    1.1660
 1987    1.0990
 1988    1.3140
 1989    1.1520
 1990    1.2370
 1991    1.2140
 1992    1.2550
 1993     .9150
 1994    1.2990
 1995     .8430
 1996    1.0400
 1997    1.0370
 1998     .9710
 1999     .8270
 2000     .9640
 2001    1.1260
 2002     .9670
 2003    1.1700
 2004     .8440
 2005     .9490
 2006     .7650
 2007     .9570
 2008     .9270
 2009     .7430
